1
1
2
2
4
4
8
8
16
16
20.592
10
10
10
10
10.9586
10.9586
11.8393
11.8393
12.7375
12.7375
13.6496
14.5732
14.5732
15.5061
15.5061
16.4469
16.4469
17.3941
17.3941
18.3469
18.5099
19.3044
19.9171
20.2659
21.231
21.231
22.1539
22.1539
23.0399
23.0399
23.851
10
10
10
10
5.24519
5.24519
5.24519
5.24519
6.13773
6.13773
7.05783
7.05783
7.99618
8.83399
8.83399
9.70225
9.70225
10.5935
10.5935
11.5024
11.5024
12.4251
12.5055
13.3587
14.3012
14.3012
15.2508
15.2508
16.2064
16.2064
17.167
17.167
18.1318
18.5684
19.1001
20.0714
20.0714
10
10
10
10
5.19709
5.19709
5.19709
6.09688
6.09688
7.02247
7.02247
7.96506
7.96506
8.80586
8.80586
4.40293
4.40293
4.63005
5.44078
5.44078
6.30489
6.30489
7.20322
7.20322
3.80598
3.80598
3.80598
3.80598
4.54628
5.37018
5.37018
6.24435
6.24435
7.15045
7.15045
8.07787
8.07787
9.02015
9.45571
9.97317
10.842
10.842
11.7315
11.7315
12.6373
12.6373
13.5563
13.5563
14.4858
15.359
15.4241
16.3695
16.3695
17.321
17.321
18.2776
18.2776
19.2386
19.2386
20.2033
20.7412
21.1712
22.0966
22.0966
22.9848
22.9848
23.7978
23.7978
10
10
10
10.9586
10.9586
11.8393
11.8393
12.7375
12.7375
13.6496
13.6496
14.5732
15.1796
15.5061
16.4469
16.4469
8.37433
8.37433
8.37433
8.37433
9.28619
9.28619
10.2142
10.9727
11.1543
12.1037
12.1037
13.0605
13.0605
6.53023
6.53023
6.97934
7.12262
7.79893
8.65612
8.65612
9.54077
9.54077
10.4459
10.4459
11.3667
11.3667
12.2996
12.6217
13.2422
6.77085
6.77085
6.77085
6.77085
7.61334
7.61334
8.48956
8.48956
9.39011
10.3086
10.3086
11.2408
11.2408
12.1834
12.1834
13.1343
13.1343
14.0919
14.3037
15.0548
16.0222
16.0222
16.9932
16.9932
17.9115
17.9115
18.8381
18.8381
19.7717
20.1728
20.7115
21.6567
21.6567
22.5622
22.5622
23.4327
23.4327
10
10
10
10.8666
10.9586
5.61508
5.61508
5.61508
5.61508
6.45527
6.45527
7.33483
7.33483
8.24119
9.16648
9.16648
10.1056
10.1056
11.055
11.055
11.8441
11.8441
5.92203
5.92203
6.41494
7.29946
7.29946
8.20978
8.20978
9.1383
9.1383
10.08
10.08
11.0317
11.3014
11.9909
12.8784
12.8784
13.7812
13.7812
14.6964
14.6964
7.58316
7.58316
7.58316
8.22105
8.46255
9.36573
9.36573
10.2865
10.2865
11.2204
11.2204
12.1647
12.3285
13.117
14.0757
14.0757
15.0397
15.0397
7.65196
7.65196
7.65196
7.65196
8.52415
8.9841
9.42135
10.3371
10.3371
11.2668
11.2668
12.2075
12.2075
13.1566
13.1566
14.1127
14.4635
15.0743
16.0404
16.0404
17.0104
17.0104
17.9836
17.9836
18.9066
19.1173
19.8371
20.5802
20.7739
21.7163
21.7163
22.6195
22.6195
23.4878
23.4878
24.3251
24.6115
25.1346
25.88
25.9186
10
10
10
10
10.9586
10.9586
11.8393
11.8393
12.7375
13.6496
13.6496
14.5732
14.5732
15.5061
15.5061
16.4469
16.4469
17.3941
17.6797
18.3469
19.3044
19.3044
20.2659
20.2659
21.1365
21.1365
10
10
10
10.8666
10.8666
5.43331
5.43331
5.79538
5.79538
6.61211
6.61211
7.47286
7.47286
8.36405
9.27694
9.27694
10.2058
10.2058
11.1466
11.1466
12.0966
12.0966
13.0539
13.507
14.017
14.9848
14.9848
7.49238
7.49238
3.74619
3.74619
3.74619
3.74619
3.74619
3.74619
4.49692
5.32876
5.32876
6.20894
6.20894
7.11965
7.11965
8.05068
8.05068
8.99584
8.99584
9.84969
10.7286
10.7286
11.6268
11.6268
6.10804
6.10804
6.10804
6.10804
7.03212
7.45044
7.97355
8.34406
8.34406
4.17203
4.17203
4.41172
4.41172
5.25763
5.25763
6.1483
6.77494
7.067
8.00426
8.00426
8.95439
8.95439
9.81189
9.81189
10.6939
10.6939
5.53158
5.53158
5.53158
6.38308
6.38308
3.34633
3.34633
3.34633
3.34633
4.17463
4.17463
5.06212
5.9829
5.9829
6.77652
6.77652
7.61836
7.61836
8.49406
8.49406
9.39417
9.81297
10.3123
11.2442
11.2442
12.1865
12.1865
13.1372
13.1372
14.0946
14.0946
15.0574
15.899
16.0246
16.9954
16.9954
17.9136
17.9136
9.04029
9.04029
9.04029
9.04029
9.99137
10.8587
10.8587
11.7469
11.7469
12.6517
12.6517
13.5696
13.5696
14.4983
14.6359
15.4358
16.3806
16.3806
8.40162
8.40162
8.40162
8.40162
9.31078
9.31078
10.2365
10.5268
11.1747
12.1225
12.1225
13.0779
13.0779
14.0393
14.0393
15.0057
15.0057
7.63523
7.63523
7.63523
8.50917
8.50917
9.40782
9.40782
10.3248
10.3248
11.2555
11.4325
12.197
13.147
13.147
14.1037
14.1037
15.0658
15.0658
16.0325
16.0325
17.003
17.237
17.9766
18.8469
18.8469
9.42343
9.42343
9.42343
9.42343
10.339
10.339
11.2686
12.1266
12.2091
13.1581
13.1581
14.0428
14.0428
7.02142
7.02142
7.57476
7.96414
8.33507
4.16753
4.16753
1
1
2
2
2.9
2.9
3.55301
3.55301
4.33944
4.33944
5.19763
6.09735
6.09735
7.02286
7.02286
7.96541
7.96541
8.80618
8.80618
9.67696
10.2813
10.5704
11.4811
11.4811
12.4054
12.4054
13.3404
13.3404
14.2841
14.2841
15.2348
15.8789
16.1914
17.1528
17.1528
18.1183
18.1183
9.1963
9.1963
9.1963
9.1963
10.1326
11.0797
11.0797
12.035
12.035
12.9969
12.9969
13.8919
13.8919
14.8003
14.8003
15.7197
16.6483
16.6483
17.5847
17.5847
18.5277
18.5277
19.4763
19.4763
20.2821
10
10
10
10
10.9586
10.9586
11.8393
11.8393
12.7375
12.7375
13.6496
14.5042
14.5732
7.55669
7.55669
7.55669
7.55669
8.43889
8.43889
9.34438
9.34438
9.96908
4.98454
4.98454
5.56396
5.56396
6.41104
6.41104
7.29603
7.29603
8.20675
8.3286
9.13557
4.73006
4.73006
4.73006
4.73006
5.52558
5.52558
6.37789
6.37789
7.26701
7.40462
8.18101
9.11249
9.11249
10.0567
10.0567
11.0103
11.0103
11.9713
11.9713
12.8602
13.5438
13.7641
14.6805
14.6805
15.607
15.607
7.96238
7.96238
7.96238
7.96238
8.80344
9.67448
9.67448
10.5681
10.5681
11.479
11.479
12.4034
12.4034
13.3386
13.4881
14.212
7.10601
7.10601
7.65312
7.65312
8.5252
8.5252
9.4223
9.4223
10.3379
10.7196
11.2676
12.2082
12.2082
13.1573
13.1573
14.1133
14.1133
15.0749
15.0749
16.041
16.5331
17.011
17.9841
17.9841
18.9071
18.9071
19.8375
19.8375
20.7743
20.8705
21.7167
22.218
10
10
10
10
10
5
5
5.57776
6.09935
6.42297
7.30649
7.30649
8.21603
8.21603
9.14389
9.14389
4.68066
4.68066
4.68066
5.48362
5.48362
6.34174
6.34174
7.2354
7.2354
8.153
8.153
9.08739
9.19743
10.034
10.9896
10.9896
11.868
11.868
12.7641
12.7641
13.6745
13.6745
14.5965
15.0028
15.528
16.4675
16.4675
17.4136
17.4136
18.3654
18.3654
19.3219
19.3219
20.2827
20.9623
21.2469
22.1692
22.1692
23.0546
23.0546
23.9071
23.9071
24.7302
24.8513
25.5268
26.1848
26.2992
27.0495
27.0495
27.7795
27.7795
28.4908
28.4908
29.1848
29.4578
29.8626
30.5253
30.5253
31.174
31.174
31.8094
31.8094
32.4323
32.4323
32.9526
10
10
10
10
10.9586
10.9586
11.8393
11.8393
12.7375
6.48578
6.48578
6.48578
6.48578
6.79056
6.79056
7.63083
7.63083
8.50523
8.50523
9.40425
10.3215
10.3215
11.2526
11.2526
12.1943
12.1943
13.1444
13.1444
14.1013
14.3829
7.29522
7.29522
7.29522
8.20603
8.20603
9.13492
9.13492
10.077
10.077
11.0289
11.5622
11.9883
12.876
12.876
13.6326
13.6326
6.81632
6.81632
7.10664
7.10664
8.0392
8.98559
8.98559
9.84034
9.84034
10.72
10.72
11.6189
11.6189
12.533
12.8491
13.4591
14.3251
14.3251
7.16256
7.16256
7.70558
7.70558
8.57225
8.57225
9.46484
9.98181
10.3767
11.3032
11.3032
12.241
12.241
13.1877
13.1877
6.89131
6.89131
6.89131
7.31784
7.72041
8.58556
8.58556
9.47688
9.47688
10.3877
10.3877
11.3132
11.3132
12.2503
6.44438
6.44438
6.44438
6.44438
6.44438
1
4.16441
4.16441
5.05378
5.05378
5.97588
6.77034
6.77034
7.61288
7.61288
8.48916
8.48916
9.38974
9.38974
10.3083
10.3083
11.2405
12.1831
12.1831
13.1341
13.1341
14.0917
14.0917
15.0546
15.0546
7.82112
7.82112
7.82112
8.67608
8.67608
9.55886
9.55886
10.4624
10.4624
11.3819
11.3819
12.3137
12.7145
13.2552
6.88728
6.88728
6.88728
6.88728
7.71683
7.71683
8.58234
8.58234
9.47397
10.0906
10.385
11.3108
11.3108
12.248
12.248
6.12401
6.12401
6.60148
6.60148
7.46348
8.35568
8.35568
9.2694
9.2694
10.1989
10.1989
11.1403
11.1403
12.0909
12.2557
13.0486
14.012
14.012
14.9801
14.9801
15.8891
15.8891
16.8083
16.8083
17.6796
8.83982
8.83982
8.95294
8.95294
9.81057
9.81057
10.6927
10.6927
11.5937
11.5937
6.05099
6.05099
6.05099
6.9828
6.9828
7.80201
7.80201
4.09021
4.09021
4.09021
4.09021
4.99344
5.75137
5.75137
