1
1
2
2
4
4
8
8
16
16
20.592
20.592
10
10
10
10
10.9586
10.9586
11.8393
11.8393
12.7375
12.7375
13.6496
13.6496
14.5732
14.5732
15.5061
15.5061
16.4469
16.5682
17.3941
18.0164
18.3469
18.9378
19.3044
20.0174
20.2659
21.231
21.231
22.1539
22.1539
23.0399
23.0399
23.893
23.893
10
10
10
10
10.9586
10.9586
11.8393
11.8393
12.7375
12.7375
13.6496
13.6496
14.5732
14.5732
7.32091
7.32091
7.72332
7.72332
8.58817
8.58817
9.47924
9.79227
10.3898
11.2261
11.3152
12.2521
12.2521
13.198
13.198
14.1513
14.1513
15.1104
15.1104
16.0744
16.0744
17.0424
17.0424
18.0139
18.0139
18.9882
18.9882
19.9148
19.9148
10
10
10
10
10.9586
10.9586
11.6685
11.6685
5.83427
6.00567
6.3342
7.22881
7.22881
8.14717
8.14717
9.08216
9.08216
10.0292
10.0292
10.9853
10.9853
11.864
11.864
12.7604
12.7604
13.671
13.671
14.5932
14.5932
7.36497
7.36497
7.36497
7.36497
7.89384
7.89384
8.7416
9.40688
9.6183
10.5167
10.5167
11.4318
11.4318
12.3598
12.3598
13.298
13.298
14.2445
14.2445
15.1977
15.1977
16.1565
16.1565
17.1199
17.1199
18.0872
18.0872
19.0577
19.0577
20.0312
20.0312
21.007
21.007
21.9394
21.985
22.8337
23.0519
10
10
10
10.199
10.9586
11.7542
11.8393
12.579
12.7375
13.6496
13.6496
7.04173
7.04173
7.04173
7.04173
7.982
7.982
8.82117
8.82117
9.69059
9.69059
10.5828
10.5828
11.4926
11.4926
12.416
12.416
13.3503
13.3503
14.2933
14.2933
15.2434
15.309
16.1995
16.8065
17.1604
17.959
17.959
8.97951
8.97951
9.09088
9.09088
10.0371
10.0371
10.9925
10.9925
11.8706
11.8706
12.7666
12.7666
13.6768
13.6768
14.5986
14.5986
15.53
15.53
16.4694
16.4694
17.4154
17.4154
18.3671
18.7449
19.3236
9.91749
9.91749
9.91749
9.91749
10.7908
10.7908
5.66769
5.66769
5.66769
5.66769
6.50091
6.50091
7.37491
7.37491
8.27681
8.27681
9.19847
9.19847
10.1346
10.1346
5.21388
5.21388
5.21388
5.21388
6.11113
6.11113
7.03479
7.03479
7.9759
7.9759
8.81566
9.15169
9.68558
10.5782
10.5782
11.4883
11.4883
12.4121
12.4121
13.3466
13.3466
14.2899
14.2899
15.2403
15.2403
16.1965
16.1965
17.1576
17.1576
8.95023
8.95023
8.95023
8.95023
4.53098
4.53098
4.53098
4.53098
5.35732
5.35732
6.23335
6.23335
7.14088
7.28092
8.06942
8.78642
9.01259
9.96634
9.96634
4.98317
4.98317
5.18385
5.18385
6.08566
6.08566
7.01276
7.01276
7.95652
7.95652
8.79815
8.79815
9.66967
9.66967
10.5637
10.5637
11.4749
11.4749
12.3997
12.3997
13.3351
13.3351
14.2791
14.3492
7.44876
7.44876
7.44876
8.34256
8.34256
9.25759
9.25759
10.1882
10.1882
11.1305
11.1305
12.0818
12.0818
13.0402
13.0402
14.0042
14.0042
14.9728
14.9728
15.8822
15.8822
16.8018
16.8018
17.7301
17.7301
8.9773
8.9773
9.08869
9.08869
10.0351
10.0351
10.9907
11.4383
11.869
12.527
12.765
13.6753
13.6753
14.5973
14.5973
15.5287
15.5287
16.4682
16.4682
17.4143
17.4143
18.366
18.366
9.45171
9.45171
9.45171
9.45171
10.3647
10.3647
11.2922
11.2922
12.2308
12.2308
13.1783
13.1783
14.1329
14.1329
15.0932
15.0932
16.0582
16.2443
8.36522
8.36522
8.36522
9.27799
9.27799
10.2067
10.2067
11.1474
11.1474
12.0974
12.0974
13.0547
13.0547
14.0177
14.0177
14.9854
14.9854
15.8941
15.8941
16.6934
16.6934
8.34671
8.34671
8.58463
8.58463
9.47604
9.47604
10.3869
10.5786
11.3125
12.0847
12.2496
13.1958
13.1958
14.1491
14.1491
15.1084
15.1084
16.0725
16.0725
17.0407
17.0407
18.0122
18.0122
18.9866
18.9866
19.9133
19.9133
20.8467
20.8467
10
10
10
10
10.9586
10.9586
11.8393
11.8393
12.7375
12.7375
6.63861
6.63861
6.63861
7.49626
7.49626
8.38492
8.38492
8.96516
8.96516
4.48258
4.48258
5.12151
5.12151
6.03294
6.03294
6.96721
6.96721
7.7881
7.7881
8.64638
8.64638
9.53194
9.53194
10.4379
10.4379
11.2706
11.2706
5.6353
5.6353
5.98479
6.15188
6.77818
7.61984
7.61984
8.49538
8.49538
4.24769
4.24769
4.48311
4.48311
5.3172
5.3172
6.19907
6.19907
7.11107
7.11107
8.04311
8.04311
8.98908
8.98908
9.84352
9.84352
10.7229
10.7229
11.6216
11.6216
12.5355
12.5355
13.3116
6.65579
6.65579
6.65579
3.32789
3.32789
3.32789
4.16014
4.16014
5.05029
5.05029
5.97295
5.97295
6.76777
6.76777
7.6106
7.6106
8.48711
8.48711
9.38789
9.38789
10.3066
10.3066
5.15331
5.15331
5.53437
5.53437
6.38548
6.38548
7.27365
7.27365
8.1869
8.66501
9.11777
10.0614
10.0614
11.0147
11.0147
11.9753
11.9753
12.8639
12.8639
13.7676
13.7676
6.9922
6.9922
6.9922
6.9922
7.81041
7.81041
8.66645
8.66645
9.55013
9.55013
10.4545
10.4545
11.3746
11.3746
12.3069
12.4689
6.27454
6.27454
6.27454
7.17675
7.17675
8.1011
8.1011
9.04093
9.04093
9.99195
9.99195
10.8592
10.8592
11.7474
11.7474
5.91627
5.91627
6.08529
6.08529
7.01244
7.01244
7.95624
7.95624
8.7979
8.7979
9.66944
9.66944
4.98822
4.98822
4.98822
5.74687
5.74687
6.56979
6.56979
7.43554
7.43554
8.33078
8.33078
9.24699
9.24699
10.1786
10.1786
11.1217
11.1217
11.9063
11.9063
5.95317
5.95317
6.44363
6.44363
7.32461
7.32461
8.23212
8.23212
9.15833
9.37543
10.0982
10.4886
11.0482
12.0061
12.0061
12.9701
12.9701
6.63792
6.63792
6.63792
6.63792
7.49565
7.49565
8.38437
8.38437
9.29524
9.29524
10.2224
10.2224
11.1618
11.1618
12.1106
12.1106
13.0669
13.0669
14.0291
14.0291
14.9961
15.0627
15.9041
16.3391
16.8225
8.44098
8.44098
8.67628
8.67628
9.55904
9.55904
10.4626
10.4626
11.382
11.382
12.3138
12.3138
13.2553
13.2553
14.2047
14.2047
7.27663
7.27663
7.27663
7.27663
8.18953
8.18953
9.12013
9.12013
10.0636
10.0636
11.0167
11.3754
11.9771
12.8656
12.8656
13.7692
13.7692
14.6852
14.6852
15.6114
15.6114
16.5461
16.5461
17.488
17.488
9.08113
9.08113
9.08113
9.08113
10.0283
10.0283
10.9845
10.9845
11.8632
11.8632
12.7596
12.7596
13.6703
13.6703
14.5926
14.5926
15.5243
15.5243
16.464
16.8846
17.4103
18.2529
18.3623
19.319
19.319
20.2799
20.2799
10
10
10
10
10.9586
10.9586
11.8393
11.8393
12.7375
12.7375
13.6496
13.6496
14.5732
14.5732
15.5061
15.5061
16.4469
16.4469
17.3941
17.3941
18.3469
18.3469
19.3044
19.3044
20.2659
20.3153
21.231
21.6512
10
10
10
10.7738
10.9586
11.8393
11.8393
5.96189
5.96189
6.12963
6.12963
7.05081
7.05081
7.99
7.99
8.8284
8.8284
9.69717
9.69717
10.5888
10.5888
11.4981
11.4981
12.4211
12.4211
13.355
13.355
14.2977
14.2977
15.2476
15.4435
7.72176
7.72176
7.85126
8.70322
8.70322
9.58348
9.58348
10.4849
10.4849
11.4025
11.4025
12.3327
12.3327
6.24719
6.24719
6.24719
6.24719
3.12359
3.12359
3.12359
3.12359
4.00192
4.00192
4.92218
4.92218
5.68995
6.03618
6.52024
7.39191
7.39191
8.29194
8.29194
9.21207
9.21207
10.1469
10.1469
11.0927
11.0927
12.0471
12.0471
13.008
13.008
13.9743
13.9743
14.8776
14.8776
15.7925
15.7925
16.7171
16.7171
17.6498
17.6498
18.5894
18.5894
19.535
19.8906
20.4857
21.2061
21.4408
10
10
10
10
5.29285
5.29285
5.29285
5.29285
6.1783
6.1783
7.09303
7.09303
8.0272
8.0272
8.97487
8.97487
9.83056
9.83056
10.711
10.711
11.6106
11.6106
12.5253
12.5253
13.4519
13.4519
14.3883
14.9352
15.3325
16.2833
16.2833
17.2396
17.2396
18.2005
18.2005
19.1653
19.1653
20.1335
20.1335
21.1046
21.1046
22.0329
22.0329
22.9235
22.9235
23.7808
23.7808
24.4858
24.4858
10
10
10
10
10.9586
11.3192
11.8393
12.7375
12.7375
13.6496
13.6496
14.5732
14.5732
15.5061
15.5061
16.4469
16.4469
17.3941
17.3941
18.3469
18.3469
9.30891
9.30891
9.30891
9.30891
10.2348
10.2348
11.1731
11.1731
12.1211
12.1211
13.0766
13.0766
14.0381
14.0381
15.0045
15.0711
7.53557
7.53557
7.53557
8.42002
8.42002
9.32736
9.32736
10.2516
10.2516
11.1885
11.1885
12.1352
12.1352
13.0897
13.0897
14.0503
14.0503
15.0159
15.0159
15.9856
15.9856
16.8996
16.8996
17.8227
17.8227
18.7537
18.9132
19.6913
20.1934
20.6348
21.3032
21.5834
22.4918
22.4918
23.3649
23.3649
24.2065
24.2065
10
10
10
10
5.19709
5.19709
5.19709
5.19709
6.09688
6.09688
7.02247
7.02247
7.96506
7.96506
8.80586
8.80586
9.67668
9.78002
10.5701
11.1256
11.4808
12.4051
12.4051
13.3402
13.3402
14.2839
14.2839
15.2346
15.2346
16.1912
16.1912
17.1526
17.1526
18.1181
18.1181
19.0872
19.0872
20.0591
20.0591
21.0337
21.0337
21.965
21.965
22.8583
22.8583
23.7179
10
10
10
10
