1
1
2
2
4
4
8
8
16
16
20.592
20.592
21.5424
21.5424
22.4525
22.4525
23.3271
23.3271
24.17
24.17
24.9845
24.9845
25.7731
25.7731
26.5383
26.5383
27.2821
27.3187
28.006
28.3258
28.7117
29.3323
29.4004
29.94
30.0734
30.6664
30.7316
31.376
31.376
32.0074
32.0074
32.6265
32.6265
33.2341
33.2341
33.8308
33.8308
34.4172
34.4172
34.9937
34.9937
35.5609
35.5609
36.1191
36.1191
36.6689
36.7506
37.2105
37.425
37.7443
38.0348
38.2707
38.6867
38.79
39.3024
39.3024
39.8082
39.8082
40.3076
40.3076
40.8009
40.8009
41.2883
41.2883
41.77
41.77
42.2463
42.2463
42.7172
42.7172
43.183
43.183
43.6438
43.6667
44.0998
44.2357
44.5511
44.7751
44.9979
45.308
45.4403
45.8348
45.8784
46.3124
46.3124
46.7424
46.7424
47.1684
47.1684
47.5906
47.5906
48.0091
48.0091
48.424
48.424
48.8354
48.8354
49.2433
49.2433
49.6479
49.6479
50.0492
50.1091
50.4473
50.6056
50.8422
51.0778
51.2342
51.565
51.6231
52.0092
52.0092
52.3924
52.3924
52.7728
52.7728
53.1505
53.1505
53.5256
53.5256
53.898
53.898
54.2678
54.2678
54.6352
54.6352
55.0001
55.0001
55.3626
55.3987
55.7228
55.8303
56.0806
56.2586
56.4361
56.6837
56.7895
57.1231
57.1406
57.4896
57.4896
57.8365
57.8365
58.1813
58.1813
58.5241
58.5241
58.8649
58.8649
59.2038
59.2038
59.5407
59.5407
59.8757
59.8757
60.2088
60.2254
60.5401
60.6062
60.8696
61.0009
61.1974
61.4095
61.5234
61.7991
61.8476
62.1702
62.1702
62.4911
62.4911
62.8104
62.8104
63.128
63.128
63.4441
63.4441
63.7586
63.7586
64.0716
64.0716
64.383
64.383
64.6929
64.6929
65.0014
65.0475
65.3084
65.4002
65.6139
65.7814
65.9181
66.1453
66.2208
66.5072
66.5222
66.8222
66.8222
67.1209
67.1209
67.4182
67.4182
67.7143
67.7143
68.009
68.009
68.3025
68.3025
68.5947
68.5947
68.8857
68.8857
69.1754
69.1899
69.464
69.5359
69.7513
69.8803
70.0375
70.2229
70.3225
70.5639
70.6064
70.8891
70.8891
71.1707
71.1707
71.4512
71.4512
71.7306
71.7306
72.0089
72.0089
72.2861
72.2861
72.5623
72.5623
72.8374
72.8374
73.1115
73.1115
73.3846
73.4391
73.6567
73.7516
73.9277
74.0764
74.1978
74.3997
74.4669
74.735
74.735
75.0021
75.0021
75.2684
75.2684
75.5336
75.5336
75.798
75.798
76.0614
76.0614
76.3239
76.3239
76.5855
76.5855
76.8463
76.8463
77.1061
77.132
77.3651
77.4426
77.6232
77.7519
77.8804
78.06
78.1368
78.3669
78.3924
78.6471
78.6471
78.901
78.901
79.1541
79.1541
79.4064
79.4064
79.6579
79.6579
79.9086
79.9086
80.1585
80.1585
80.4077
80.4077
80.656
80.6684
80.9036
80.9531
81.1505
81.249
81.3966
81.5439
81.6419
81.8377
81.8866
82.1305
82.1305
82.3736
82.3736
82.6161
82.6161
82.8578
82.8578
83.0989
83.0989
83.3392
83.3392
83.5789
83.5789
83.8179
83.8179
84.0561
84.0561
84.2938
84.3175
84.5307
84.6135
84.767
84.8849
85.0026
85.1789
85.2376
85.4602
85.4719
85.7056
85.7056
85.9387
85.9387
86.1711
86.1711
86.4029
86.4029
86.6341
86.6341
86.8647
86.8647
87.0946
87.0946
87.324
87.324
87.5527
87.5641
87.7809
87.8378
88.0084
88.0993
88.2354
88.3826
88.4618
88.6538
88.6876
88.9128
88.9128
89.1375
89.1375
89.3616
89.3616
89.5852
89.5852
89.8081
89.8081
90.0306
90.0306
90.2525
90.2525
90.4738
90.4738
90.6946
90.6946
90.9149
90.9479
91.1346
91.2114
91.3538
91.4742
91.5725
91.7362
91.7907
92.0083
92.0083
92.2254
92.2254
92.442
92.442
92.6582
92.6582
92.8738
92.8738
93.0889
93.0889
93.3035
93.3035
93.5176
93.5176
93.7312
93.7312
93.9444
93.9657
94.157
94.2208
94.3692
94.4751
94.5809
94.7289
94.7922
94.9819
95.0029
95.2132
95.2132
95.4231
95.4231
95.6324
95.6324
95.8414
95.8414
96.0498
96.0498
96.2578
96.2578
96.4654
96.4654
96.6725
96.6725
96.8792
96.8895
97.0854
97.1369
97.2912
97.3734
97.4966
97.6298
97.7015
97.8754
97.906
98.1101
98.1101
98.3137
98.3137
98.517
98.517
98.7198
98.7198
98.9222
98.9222
99.1242
99.1242
99.3257
99.3257
99.5269
99.5269
99.7277
99.7277
99.928
99.958
100.128
100.198
100.328
100.437
100.527
100.676
100.725
100.924
100.924
101.122
101.122
101.319
101.319
101.517
101.517
101.713
101.713
101.91
101.91
102.106
102.106
102.302
102.302
102.497
102.497
102.692
102.702
102.887
102.945
103.081
103.178
103.275
103.41
103.468
103.642
103.661
103.854
103.854
104.046
104.046
104.238
104.238
104.43
104.43
104.621
104.621
104.812
104.812
105.003
105.003
105.193
105.193
105.383
105.393
105.573
105.62
105.762
105.838
105.951
106.074
106.14
106.3
106.328
106.516
106.516
106.704
106.704
106.891
106.891
107.078
107.078
107.265
107.265
107.451
107.451
107.637
107.637
107.822
107.822
108.008
108.008
108.193
108.221
108.378
108.442
108.562
108.663
108.746
108.884
108.93
109.113
109.113
109.296
109.296
109.479
109.479
109.662
109.662
109.844
109.844
110.026
110.026
110.208
110.208
110.389
110.389
110.57
110.57
110.751
110.76
110.931
110.985
111.111
111.201
111.291
111.417
111.471
111.632
111.65
111.829
111.829
112.008
112.008
112.186
112.186
112.364
112.364
112.542
112.542
112.72
112.72
112.897
112.897
113.074
113.074
113.251
113.26
113.427
113.471
113.603
113.674
113.779
113.894
113.955
114.104
114.13
114.305
114.305
114.48
114.48
114.655
114.655
114.829
114.829
115.003
115.003
115.177
115.177
115.351
115.351
115.524
115.524
115.697
115.697
115.87
115.895
116.042
116.102
116.214
116.309
116.386
116.515
116.558
116.729
116.729
116.901
116.901
117.072
117.072
117.242
117.242
117.413
117.413
117.583
117.583
117.753
117.753
117.923
117.923
118.092
118.092
118.261
118.27
118.43
118.481
118.599
118.684
118.768
118.886
118.936
119.087
119.104
119.272
119.272
119.439
119.439
119.607
119.607
119.774
119.774
119.941
119.941
120.107
120.107
120.274
120.274
120.44
120.44
120.606
120.614
120.772
120.813
120.937
121.003
121.102
121.21
121.267
121.408
121.432
121.597
121.597
121.761
121.761
121.925
121.925
122.089
122.089
122.253
122.253
122.417
122.417
122.58
122.58
122.743
122.743
122.906
122.906
123.068
123.093
123.231
123.288
123.393
123.482
123.555
123.676
123.717
123.878
123.878
124.04
124.04
124.201
124.201
124.362
124.362
124.522
124.522
124.683
124.683
124.843
124.843
125.003
125.003
125.163
125.163
125.323
125.331
125.482
125.53
125.642
125.721
125.801
125.912
125.96
126.103
126.118
126.277
126.277
126.435
126.435
126.593
126.593
126.751
126.751
126.909
126.909
127.066
127.066
127.224
127.224
127.381
127.381
127.538
127.545
127.694
127.734
127.851
127.913
128.007
128.109
128.163
128.296
128.319
128.475
128.475
128.631
128.631
128.786
128.786
128.941
128.941
129.096
129.096
129.251
129.251
129.406
129.406
129.56
129.56
129.715
129.715
129.869
129.892
130.023
130.076
130.176
130.261
130.33
130.445
130.483
130.636
130.636
130.789
130.789
130.942
130.942
131.095
131.095
131.247
131.247
131.4
131.4
131.552
131.552
131.704
131.704
131.856
131.856
132.007
132.015
132.159
132.204
132.31
132.385
132.461
132.567
132.612
132.747
132.763
132.913
132.913
133.064
133.064
133.214
133.214
133.364
133.364
133.514
133.514
133.663
133.663
133.813
133.813
133.962
133.962
134.112
134.119
134.261
134.298
134.409
134.469
134.558
134.655
134.707
134.833
134.855
135.003
135.003
135.151
135.151
135.299
135.299
135.447
135.447
135.595
135.595
135.742
135.742
135.889
135.889
136.036
136.036
136.183
136.183
136.33
136.352
136.477
136.528
136.623
136.704
136.77
136.879
136.916
137.054
137.062
137.208
137.208
137.353
137.353
137.499
137.499
137.644
137.644
137.789
137.789
137.935
137.935
138.079
138.079
138.224
138.224
138.369
138.376
138.513
138.557
138.658
138.73
138.802
138.903
138.946
139.075
139.09
139.233
139.233
139.377
139.377
139.52
139.52
139.664
139.664
139.807
139.807
139.95
139.95
140.093
140.093
140.235
140.235
140.378
140.385
140.52
140.556
140.663
140.719
140.805
140.897
140.947
141.067
141.088
141.23
141.23
141.372
141.372
141.513
141.513
141.654
141.654
141.795
141.795
141.936
141.936
142.077
142.077
142.218
142.218
142.359
142.359
142.499
142.52
142.639
142.688
142.779
142.856
142.919
143.024
143.059
143.192
143.199
143.339
143.339
143.478
143.478
143.617
143.617
143.757
143.757
143.896
143.896
144.035
144.035
144.173
144.173
144.312
144.312
144.451
144.458
144.589
144.63
