1
1
2
2
4
4
8
8
16
16
20.592
21.12
21.5424
22.4525
22.4525
23.3271
23.3271
24.17
24.17
24.9845
24.9845
25.7731
26.5383
26.5383
27.2821
27.2821
28.006
28.006
28.7117
28.7117
29.4004
29.6377
30.0734
30.5684
30.7316
31.376
31.376
32.0074
32.0074
32.6265
32.6265
33.2341
33.4143
33.8308
34.3299
34.4172
34.9937
34.9937
35.5609
35.5609
36.1191
36.1468
36.6689
36.9678
37.2105
37.7443
37.7443
38.2707
38.2707
38.79
38.79
39.3024
39.4294
39.8082
40.1584
40.3076
40.8009
40.8009
41.2883
41.2883
41.77
41.77
42.2463
42.4353
42.7172
43.1366
43.183
43.6438
43.6438
44.0998
44.0998
44.5511
44.596
44.9979
45.2418
45.4403
45.8784
45.8784
46.3124
46.3124
46.7424
46.7424
47.1684
47.2955
47.5906
47.9048
48.0091
48.424
48.424
48.8354
48.8354
49.2433
49.2433
49.6479
49.8288
50.0492
50.4076
50.4473
50.8422
50.8422
51.2342
51.2342
51.6231
51.6812
52.0092
52.2395
52.3924
52.7728
52.7728
53.1505
53.1505
53.5256
53.5256
53.898
54.0277
54.2678
54.5619
54.6352
55.0001
55.0001
55.3626
55.3626
55.7228
55.7407
56.0806
56.2409
56.4361
56.7895
56.7895
57.1406
57.1406
57.4896
57.4896
57.8365
57.9056
58.1813
58.4215
58.5241
58.8649
58.8649
59.2038
59.2038
59.5407
59.5407
59.8757
60.0092
60.2088
60.4906
60.5401
60.8696
60.8696
61.1974
61.1974
61.5234
61.5559
61.8476
62.0091
62.1702
62.4911
62.4911
62.8104
62.8104
63.128
63.128
63.4441
63.5229
63.7586
63.9935
64.0716
64.383
64.383
64.6929
64.6929
65.0014
65.0014
65.3084
65.4461
65.6139
65.9029
65.9181
66.2208
66.2208
66.5222
66.5222
66.8222
66.8671
67.1209
67.2994
67.4182
67.7143
67.7143
68.009
68.009
68.3025
68.3025
68.5947
68.6967
68.8857
69.1176
69.1754
69.464
69.464
69.7513
69.7513
70.0375
70.0518
70.3225
70.4504
70.6064
70.8891
70.8891
71.1707
71.1707
71.4512
71.4512
71.7306
71.7863
72.0089
72.2031
72.2861
72.5623
72.5623
72.8374
72.8374
73.1115
73.1115
73.3846
73.4936
73.6567
73.8736
73.9277
74.1978
74.1978
74.4669
74.4669
74.735
74.7751
75.0021
75.1354
75.2684
75.5336
75.5336
75.798
75.798
76.0614
76.0614
76.3239
76.3894
76.5855
76.7812
76.8463
77.1061
77.1061
77.3651
77.3651
77.6232
77.6232
77.8804
77.9959
78.1368
78.3541
78.3924
78.6471
78.6471
78.901
78.901
79.1541
79.2047
79.4064
79.5448
79.6579
79.9086
79.9086
80.1585
80.1585
80.4077
80.4077
80.656
80.7304
80.9036
81.1012
81.1505
81.3966
81.3966
81.6419
81.6419
81.8866
81.8988
82.1305
82.24
82.3736
82.5919
82.6161
82.8578
82.8578
83.0989
83.0989
83.3392
83.3872
83.5789
83.7224
83.8179
84.0561
84.0561
84.2938
84.2938
84.5307
84.5307
84.767
84.8495
85.0026
85.2024
85.2376
85.4719
85.4719
85.7056
85.7056
85.9387
85.962
86.1711
86.2871
86.4029
86.6226
86.6341
86.8647
86.8647
87.0946
87.0946
87.324
87.3812
87.5527
87.7011
87.7809
88.0084
88.0084
88.2354
88.2354
88.4618
88.4618
88.6876
88.7778
88.9128
89.1151
89.1375
89.3616
89.3616
89.5852
89.5852
89.8081
89.8415
90.0306
90.1527
90.2525
90.4738
90.4738
90.6946
90.6946
90.9149
90.9149
91.1346
91.2004
91.3538
91.5069
91.5725
91.7907
91.7907
92.0083
92.0083
92.2254
92.2363
92.442
92.5394
92.6582
92.863
92.8738
93.0889
93.0889
93.3035
93.3035
93.5176
93.5604
93.7312
93.8592
93.9444
94.157
94.157
94.3692
94.3692
94.5809
94.5809
94.7922
94.866
95.0029
95.1712
95.2132
95.4231
95.4231
95.6324
95.6324
95.8414
95.8622
96.0498
96.1539
96.2578
96.4654
96.4654
96.6725
96.6725
96.8792
96.8792
97.0854
97.1369
97.2912
97.435
97.4966
97.7015
97.7015
97.906
97.906
98.1101
98.1101
98.3137
98.4053
98.517
98.6894
98.7198
98.9222
98.9222
99.1242
99.1242
99.3257
99.366
99.5269
99.6374
99.7277
99.928
99.928
100.128
100.128
100.328
100.328
100.527
100.586
100.725
100.874
100.924
101.122
101.122
101.319
101.319
101.517
101.526
101.713
101.802
101.91
102.096
102.106
102.302
102.302
102.497
102.497
102.692
102.731
102.887
103.013
103.081
103.275
103.275
103.468
103.468
103.661
103.661
103.854
103.931
104.046
104.21
104.238
104.43
104.43
104.621
104.621
104.812
104.832
105.003
105.098
105.193
105.383
105.383
105.573
105.573
105.762
105.762
105.951
105.998
106.14
106.272
106.328
106.516
106.516
106.704
106.704
106.891
106.891
107.078
107.162
107.265
107.432
107.451
107.637
107.637
107.822
107.822
108.008
108.045
108.193
108.304
108.378
108.562
108.562
108.746
108.746
108.93
108.93
109.113
109.177
109.296
109.443
109.479
109.662
109.662
109.844
109.844
110.026
110.044
110.208
110.298
110.389
110.561
110.57
110.751
110.751
110.931
110.931
111.111
111.147
111.291
111.408
111.471
111.65
111.65
111.829
111.829
112.008
112.008
112.186
112.257
112.364
112.515
112.542
112.72
112.72
112.897
112.897
113.074
113.101
113.251
113.348
113.427
113.603
113.603
113.779
113.779
113.955
113.955
114.13
114.183
114.305
114.437
114.48
114.655
114.655
114.829
114.829
115.003
115.012
115.177
115.255
115.351
115.507
115.524
115.697
115.697
115.87
115.87
116.042
116.077
116.214
116.326
116.386
116.558
116.558
116.729
116.729
116.901
116.901
117.072
117.14
117.242
117.379
117.413
117.583
117.583
117.753
117.753
117.923
117.94
118.092
118.177
118.261
118.43
118.43
118.599
118.599
118.768
118.768
118.936
118.978
119.104
119.222
119.272
119.439
119.439
119.607
119.607
119.774
119.774
119.941
120.016
120.107
120.257
120.274
120.44
120.44
120.606
120.606
120.772
120.805
120.937
121.028
121.102
121.267
121.267
121.432
121.432
121.597
121.597
121.761
121.811
121.925
122.048
122.089
122.253
122.253
122.417
122.417
122.58
122.588
122.743
122.816
122.906
123.06
123.068
123.231
123.231
123.393
123.393
123.555
123.587
123.717
123.822
123.878
124.04
124.04
124.201
124.201
124.362
124.362
124.522
124.587
124.683
124.819
124.843
125.003
125.003
125.163
125.163
125.323
125.347
125.482
125.57
125.642
125.801
125.801
125.96
125.96
126.118
126.118
126.277
126.316
126.435
126.546
126.593
126.751
126.751
126.909
126.909
127.066
127.066
127.224
127.294
127.381
127.522
127.538
127.694
127.694
127.851
127.851
128.007
128.038
128.163
128.257
128.319
128.475
128.475
128.631
128.631
128.786
128.786
128.941
128.996
129.096
129.22
129.251
129.406
129.406
129.56
129.56
129.715
129.73
129.869
129.946
130.023
130.176
130.176
130.33
130.33
130.483
130.483
130.636
130.675
130.789
130.896
130.942
131.095
131.095
131.247
131.247
131.4
131.4
131.552
131.613
131.704
131.833
131.856
132.007
132.007
132.159
132.159
132.31
132.332
132.461
132.544
132.612
132.763
132.763
132.913
132.913
133.064
133.064
133.214
133.259
133.364
133.476
133.514
133.663
133.663
133.813
133.813
133.962
133.97
134.112
134.179
134.261
134.402
134.409
134.558
134.558
134.707
134.707
134.855
134.885
135.003
135.092
135.151
135.299
135.299
135.447
135.447
135.595
135.595
135.742
135.801
135.889
136.007
136.036
136.183
136.183
136.33
136.33
136.477
136.499
136.623
136.696
136.77
136.916
136.916
137.062
137.062
137.208
137.208
137.353
137.39
137.499
137.601
137.644
137.789
137.789
137.935
137.935
138.079
138.079
138.224
138.289
138.369
138.499
138.513
138.658
138.658
138.802
138.802
138.946
138.975
139.09
139.176
139.233
139.377
139.377
139.52
139.52
139.664
139.664
139.807
139.857
139.95
140.057
140.093
140.235
140.235
140.378
140.378
140.52
140.535
140.663
140.727
140.805
140.94
140.947
141.088
141.088
141.23
141.23
141.372
141.4
141.513
141.605
141.654
141.795
141.795
141.936
141.936
142.077
142.077
142.218
142.274
142.359
142.478
142.499
142.639
142.639
142.779
142.779
142.919
142.94
143.059
143.136
143.199
143.339
143.339
143.478
143.478
143.617
143.617
143.757
143.798
143.896
144
144.035
144.173
144.173
144.312
144.312
144.451
144.451
144.589
144.651
144.727
144.852
144.865
145.003
145.003
145.141
145.141
145.279
145.307
145.417
145.499
145.554
145.691
145.691
145.829
145.829
145.966
145.966
146.103
146.151
146.239
146.349
146.376
146.513
146.513
146.649
146.649
146.786
146.799
146.922
146.99
147.058
147.194
147.194
147.33
147.33
147.465
147.465
147.601
147.635
147.736
147.831
147.872
148.007
148.007
148.142
148.142
148.277
148.277
148.412
148.472
148.546
148.661
148.681
148.815
148.815
